list(beta0=6.00000E+01, beta1=-4.00000E+01)
