list(beta0=-4.50000E+01, beta1=3.80000E+01)
