list(p=c(2.50000E-01, 2.50000E-01, 2.50000E-01, 2.50000E-01))
