list(p=c(1.00000E-01, 2.00000E-01, 3.00000E-01, 4.00000E-01))
