list(lp0 = 1, 
      lor = 5.5
)