list(N = c(25, 15, 150, 210),  
     alpha = c(1,1,1,1))