list(N = c(25, 15, 150, 210))