list(N = c(25, 15, 150, 210), alpha = c(1, 1, 600, 400))
    # alpha = c(1,1,1,1))