list(X0cc = 800, 
     Y0cc = 2000, 
     X1cc = 600, 
     Y1cc = 1000
)