list(X0c = 2000, 
		Y0c = 100, 
		X1c = 1000, 
		Y1c = 150,
		X0cc = 800, 
		Y0cc = 2000, 
		X1cc = 600,
		Y1cc = 1000
)