list(X0c = 2000, 
       Y0c  = 100,
      X1c = 1000, 
      Y1c  = 150 
)