list(n = c(148, 163), 
     deaths = c(23, 13))