list(n = c(163, 148), 
     deaths = c(13, 23),
     treat = c(0, 1))