list(lr0 = -1, lp0 = -2, lor = 0)