list(lr0 = -5, lp0 = 2, lor = 5)