list(y = c(1, 3, 6, 8, 11, 15, 17, 19), 
     n = c(20, 20, 20, 20, 20, 20, 20, 20), 
     x = c(30, 32, 34, 36, 38, 40, 42, 44), 
     N = 8 )

