list(alpha = 1.29, beta.age = c(NA, 0.49, -0.38, -0.04),  beta.bednet = c(NA, 6.85,  0.09), 
     beta.green = 2.66, beta.phc = -0.31)

