list(alpha = -0.51, beta.age = c(NA, 0.83,  0.28, -1.68), beta.bednet = c(NA, -2.41,  0.68), 
     beta.green = -0.23, beta.phc = 1.82)