list(alpha=0.00000E+00, beta=1.00000E+00, gamma=5.00000E+00, logsigma2=1.00000E+00)
