list(alpha=1.00000E+01, beta=0.00000E+00, gamma=-5.00000E+00, logsigma2=5.00000E+00)
